HST                     
1 20580U 90037B   14099.51331999  .00003375  00000-0  21937-3 0  4771
2 20580  28.4696 128.4977 0002871 270.1436 215.0241 15.05131548114364
WISE                    
1 36119U 09071A   14100.13010266  .00006996  00000-0  32741-3 0  2355
2 36119  97.5163 110.7592 0004984  91.3831 268.7975 15.20049434238849
TRMM                    
1 25063U 97074A   14100.49323127  .00032150  00000-0  44912-3 0  6137
2 25063  34.9556 228.0766 0001157 233.1657 191.8777 15.55822555934146
LANDSAT 8               
1 39084U 13008A   14099.66055260  .00000715  00000-0  16867-3 0  4516
2 39084  98.1726 170.9191 0001051  75.2793 284.8521 14.57133092 61470
LANDSAT 7               
1 25682U 99020A   14100.79145474 -.00003720  00000-0 -81642-3 0  1349
2 25682  98.2201 171.2807 0000545  67.8534 292.2693 14.57089053797176
IBEX                    
1 33401U 08051A   14094.73856297 -.00002643  00000-0  00000+0 0   941
2 33401   0.7422  75.0401 5067499  73.6169   1.9354  0.09877256  2353
HINODE (SOLAR-B)        
1 29479U 06041A   14100.58851697  .00000833  00000-0  16885-3 0  3615
2 29479  98.1310 100.4452 0015929 276.7754  83.1636 14.63724678403096
TERRA                   
1 25994U 99068A   14100.80585170  .00000622  00000-0  14809-3 0  1314
2 25994  98.2159 176.4598 0001360 108.4049 251.7286 14.57116602761256
SWIFT                   
1 28485U 04047A   14098.02590554  .00005701  00000-0  43005-3 0  6652
2 28485  20.5582 343.8728 0012625 310.8837  49.0502 14.98401361512658
SORCE                   
1 27651U 03004A   14100.67609036  .00002445  00000-0  29051-3 0  3844
2 27651  39.9946 315.8161 0025105 349.7482  10.2791 14.85746010607467
SEASAT 1                
1 10967U 78064A   14100.72582714  .00000396  00000-0  15873-3 0  2561
2 10967 107.9902  30.4633 0001024 275.5300 146.4365 14.42969180878748
CALIPSO                 
1 29108U 06016B   14100.75797036  .00001685  00000-0  38389-3 0  6275
2 29108  98.1926  45.1782 0001650  71.8414 288.2941 14.57111484422942
SWAS                    
1 25560U 98071A   14100.82899690  .00002124  00000-0  22620-3 0  4966
2 25560  69.9003 301.1708 0006954 156.9346 203.2122 14.90468691831973
ACRIMSAT                
1 26033U 99070B   14099.75386841  .00000406  00000-0  90517-4 0  1206
2 26033  97.8096 281.9263 0029246  62.3838   1.1763 14.61376444762147
AQUA                    
1 27424U 02022A   14100.01567399  .00001064  00000-0  24614-3 0  9598
2 27424  98.1974  42.2118 0001148  99.8488 333.9285 14.57104599634749
AURA                    
1 28376U 04026A   14100.00714385  .00001522  00000-0  34785-3 0  1545
2 28376  98.1924  44.3678 0002024  74.2080 285.9332 14.57112329517798
NUSTAR                  
1 38358U 12031A   14100.40534118  .00004239  00000-0  41288-3 0  4186
2 38358   6.0253 100.1608 0011848 125.1571 234.9669 14.84282786 98988
INTEGRAL                
1 27540U 02048A   14099.89112593  .00000614  00000-0  00000+0 0  4819
2 27540  56.9834 242.5612 8448777 256.7992   0.2338  0.33380904 10177
AIM                     
1 31304U 07015A   14099.77809546  .00008181  00000-0  63302-3 0  3161
2 31304  97.8642 223.8032 0007515 114.4826 245.7183 15.01718893379397
RHESSI                  
1 27370U 02004A   14100.67126778  .00010370  00000-0  57100-3 0  3581
2 27370  38.0363 237.4375 0013444  24.3645 335.7753 15.13566792668856
XMM-NEWTON              
1 25989U 99066A   14101.00888800  .00000332  00000-0  00000+0 0  6042
2 25989  65.1106  59.1147 7627562  93.6887   0.2131  0.50131060 15051
IRIS                    
1 39197U 13033A   14100.51957233  .00001490  00000-0  21898-3 0  2583
2 39197  97.9011 287.1599 0028381 339.1774  20.8291 14.76689637 42257
ERBS                    
1 15354U 84108B   14099.42546207  .00012012  00000-0  45058-3 0  4561
2 15354  57.0152  62.8522 0022906  73.1341 287.2217 15.27459845619110
QUIKSCAT                
1 25789U 99034A   14099.50983731  .00000104  00000-0  60479-4 0  8551
2 25789  98.6164 289.9903 0001519 135.3136 277.6826 14.27080815771060
POLAR                   
1 23802U 96013A   14098.08449876  .00000048  00000-0  00000+0 0  5663
2 23802  79.7581 298.4508 7114154  12.2041  78.8164  1.29844142 87030
TIMED                   
1 26998U 01055B   14100.17016772  .00001367  00000-0  15963-3 0  7826
2 26998  74.0714 109.3085 0000625 282.5495  77.5614 14.86235796668420
CLOUDSAT                
1 29107U 06016A   14100.14102729  .00000830  00000-0  19432-3 0  6073
2 29107  98.2073  45.0106 0001752  74.3370 285.8007 14.57099093422921